27
56
92
18
43
75
7
35
63
84
11
49
81
3
67
29
99
22
58
89
14
46
79
9
39
71
6
33
69
96
25
52
88
16
41
73
2
64
94
21
54
86
13
47
77
5
37
66
91
24
59
82
12
45
78
8
31
68
97
28
61
87
19
50
83
15
42
74
4
36
65
93
26
55
85
10
48
80
1
34
72
98
23
57
90
17
40
76
60
70
30
38
95
20
51
33
100
21
56
43
90
72
36
40
85
61
98 
77
16
29
53
47
11
78
34
93
65
39
54
87
25
68
19
82
46
10
35
64
80
58
32
99
73
26
49
70
7
94
51
28
60
88
45
96
24
55
83
17
62
8
57
37
76
97
22
48
89
14
38
74
5
42
71
3
66
91
30
79
52
12
67
31
69
2
41
75
9
44
81
15
50
86
18
63
20
59
84
6
32
61
26
73
40
100
82
27
51
95
36
78
52
89
13
69
47
34
98
15
62
91
41
79
56
24
67
10
84
39
60
30
93
8
45
28
75
4
71
23
57
85
32
99
68
18
64
17
81
46
22
77
5
70
16
53
90
37
97
31
48
88
14
61
38
72
19
55
83
29
74
3
65
12
87
44
11
76
58
21
80
9
54
42
25
92
7
66
47
20
94
6
37
86
54
81
13
48
85
23
71
39
92
58
17
61
30
97
43
10
75
22
69
98
46
14
82
33
78
60
91
40
11
74
27
64
19
72
89
36
55
80
1
68
49
24
93
67
42
76
32
57
90
35
77
18
51
95
28
45
83
16
61
88
29
100
50
79
38
84
26
73
9
52
64
93
20
57
90
37
85
55
81
30
63
18
76
49
78
23
71
42
99
16
87
34
69
3
96
43
80
29
67
52
39
84
25
62
95
48
71
37
88
14
56
47
82
11
73
33
94
20
64
98
21
59
86
45
75
6
51
96
35
100
66
31
77
17
68
44
83
9
54
70
27
79
40
91
10
74
50
97
32
67
53
39
85
19
60
87
28
95
41
78
22
72
49
76
33
90
15
62
86
38
81
24
71
55
100
29
58
92
14
61
84
36
79
47
94
21
65
93
46
82
11
73
52
30
68
40
88
16
57
89
35
83
22
70
44
98
12
76
59
26
63
91
33
69
99
25
60
87